1380 88 23 42 94 740 2340 0.20 6.50 14.20
2320 93 21 34 93 680 2150 6.80 5.70 129.40
2743 88 16 33 79 670 2115 5.50 6.10 104.10
3740 450 55 100 201 2190 6920 8.30 16.40 192.71
4400 194 45 95 158 1410 4455 0.30 14.10 12.10
5000 196 33 68 105 830 2625 0.08 9.10 12.80
5834 333 57 117 181 1300 4110 0.10 23.00 11.40
7085 467 90 168 260 1730 5470 1.00 29.11 43.70
7400 338 70 141 272 1860 5890 5.80 16.90 117.40
9262 338 66 151 283 1860 5880 9.80 12.90 180.20
9631 683 121 263 368 2360 7460 2.10 43.60 78.50
11065 505 81 181 283 1710 5405 0.40 28.60 23.50
11286 667 111 229 329 2540 8025 7.30 32.50 177.40
13398 1032 183 397 511 3390 10710 1.20 60.00 55.80